0: 1, 2, 3, 4, 5, 6, 10, 28, 31, 38, 48, 54, 57, 59, 64, 69, 82, 131, 133, 150, 174, 187, 208, 229, 245, 253, 
1: 0, 2, 3, 4, 5, 8, 9, 10, 11, 12, 13, 20, 21, 35, 39, 58, 62, 85, 88, 95, 101, 118, 122, 125, 146, 153, 172, 208, 219, 224, 227, 228, 233, 
2: 0, 1, 3, 6, 12, 14, 30, 36, 41, 55, 61, 67, 80, 90, 94, 105, 111, 133, 139, 155, 161, 178, 190, 198, 220, 238, 241, 
3: 0, 1, 2, 4, 5, 7, 8, 11, 24, 42, 45, 49, 51, 52, 58, 78, 83, 103, 122, 123, 126, 129, 179, 186, 229, 243, 246, 254, 
4: 0, 1, 3, 7, 9, 15, 19, 20, 24, 27, 34, 40, 43, 45, 53, 54, 78, 96, 101, 129, 133, 180, 199, 201, 218, 222, 238, 240, 255, 
5: 0, 1, 3, 6, 8, 13, 23, 26, 29, 32, 34, 46, 52, 63, 64, 67, 74, 77, 79, 87, 93, 98, 100, 105, 112, 118, 124, 137, 158, 160, 163, 170, 200, 202, 219, 228, 243, 247, 
6: 0, 2, 5, 7, 11, 15, 17, 22, 23, 29, 35, 47, 49, 70, 76, 86, 89, 95, 110, 112, 115, 116, 121, 124, 125, 154, 181, 188, 193, 225, 227, 250, 
7: 3, 4, 6, 9, 13, 14, 16, 18, 21, 22, 28, 30, 31, 40, 50, 66, 70, 79, 80, 81, 89, 96, 108, 110, 119, 130, 135, 137, 140, 148, 163, 175, 176, 206, 210, 216, 237, 
8: 1, 3, 5, 10, 12, 14, 20, 22, 60, 103, 107, 114, 115, 170, 198, 
9: 1, 4, 7, 18, 36, 46, 68, 72, 128, 149, 160, 188, 191, 200, 
10: 0, 1, 8, 26, 63, 67, 132, 
11: 1, 3, 6, 42, 47, 100, 141, 151, 164, 
12: 1, 2, 8, 15, 16, 45, 53, 64, 99, 120, 123, 142, 157, 158, 167, 187, 217, 219, 248, 
13: 1, 5, 7, 18, 25, 33, 52, 91, 127, 145, 195, 202, 226, 230, 245, 
14: 2, 7, 8, 19, 33, 38, 39, 54, 56, 60, 65, 84, 92, 98, 104, 107, 147, 196, 197, 235, 
15: 4, 6, 12, 16, 17, 21, 27, 37, 53, 56, 71, 85, 86, 97, 105, 165, 167, 176, 188, 212, 224, 248, 
16: 7, 12, 15, 17, 19, 32, 43, 44, 51, 55, 61, 68, 106, 117, 136, 141, 144, 155, 156, 180, 
17: 6, 15, 16, 39, 77, 86, 114, 181, 235, 
18: 7, 9, 13, 32, 
19: 4, 14, 16, 103, 109, 137, 149, 156, 236, 238, 246, 
20: 1, 4, 8, 59, 
21: 1, 7, 15, 23, 24, 25, 35, 40, 48, 51, 71, 84, 87, 92, 153, 202, 213, 254, 
22: 6, 7, 8, 27, 28, 41, 73, 75, 120, 130, 139, 183, 197, 213, 220, 237, 252, 
23: 5, 6, 21, 25, 56, 69, 135, 237, 
24: 3, 4, 21, 26, 33, 43, 
25: 13, 21, 23, 36, 48, 62, 
26: 5, 10, 24, 30, 38, 147, 153, 178, 204, 253, 
27: 4, 15, 22, 73, 81, 91, 93, 172, 
28: 0, 7, 22, 29, 31, 57, 71, 131, 
29: 5, 6, 28, 47, 55, 83, 146, 184, 209, 249, 
30: 2, 7, 26, 37, 50, 68, 70, 82, 143, 249, 
31: 0, 7, 28, 34, 58, 117, 
32: 5, 16, 18, 37, 169, 
33: 13, 14, 24, 42, 116, 134, 165, 199, 225, 
34: 4, 5, 31, 41, 
35: 1, 6, 21, 
36: 2, 9, 25, 
37: 15, 30, 32, 
38: 0, 14, 26, 74, 124, 143, 203, 205, 
39: 1, 14, 17, 44, 65, 89, 107, 123, 171, 
40: 4, 7, 21, 50, 62, 63, 66, 75, 76, 83, 131, 138, 150, 152, 189, 242, 
41: 2, 22, 34, 44, 49, 146, 148, 191, 222, 252, 
42: 3, 11, 33, 114, 
43: 4, 16, 24, 93, 96, 
44: 16, 39, 41, 46, 
45: 3, 4, 12, 57, 66, 91, 125, 159, 200, 223, 
46: 5, 9, 44, 59, 69, 182, 206, 
47: 6, 11, 29, 85, 88, 158, 174, 195, 204, 217, 
48: 0, 21, 25, 
49: 3, 6, 41, 
50: 7, 30, 40, 196, 
51: 3, 16, 21, 73, 81, 97, 138, 166, 171, 227, 
52: 3, 5, 13, 61, 78, 99, 
53: 4, 12, 15, 
54: 0, 4, 14, 60, 75, 76, 149, 184, 201, 218, 
55: 2, 16, 29, 
56: 14, 15, 23, 72, 101, 126, 152, 185, 
57: 0, 28, 45, 104, 140, 172, 
58: 1, 3, 31, 65, 92, 94, 221, 233, 
59: 0, 20, 46, 88, 99, 126, 160, 170, 203, 
60: 8, 14, 54, 77, 90, 104, 108, 111, 134, 154, 198, 216, 245, 255, 
61: 2, 16, 52, 
62: 1, 25, 40, 72, 90, 140, 157, 173, 177, 204, 207, 220, 231, 
63: 5, 10, 40, 
64: 0, 5, 12, 
65: 14, 39, 58, 109, 185, 
66: 7, 40, 45, 127, 
67: 2, 5, 10, 79, 102, 165, 171, 186, 201, 223, 
68: 9, 16, 30, 106, 
69: 0, 23, 46, 122, 128, 159, 215, 230, 243, 
70: 6, 7, 30, 74, 120, 135, 190, 199, 241, 
71: 15, 21, 28, 117, 208, 
72: 9, 56, 62, 82, 94, 95, 
73: 22, 27, 51, 97, 112, 142, 178, 
74: 5, 38, 70, 119, 129, 175, 
75: 22, 40, 54, 84, 121, 231, 242, 
76: 6, 40, 54, 80, 111, 161, 
77: 5, 17, 60, 102, 168, 241, 
78: 3, 4, 52, 116, 157, 162, 252, 
79: 5, 7, 67, 
80: 2, 7, 76, 136, 154, 
81: 7, 27, 51, 100, 141, 147, 169, 180, 192, 
82: 0, 30, 72, 211, 
83: 3, 29, 40, 128, 164, 179, 
84: 14, 21, 75, 87, 
85: 1, 15, 47, 127, 
86: 6, 15, 17, 102, 113, 176, 226, 
87: 5, 21, 84, 161, 
88: 1, 47, 59, 106, 
89: 6, 7, 39, 244, 
90: 2, 60, 62, 113, 134, 192, 
91: 13, 27, 45, 108, 144, 195, 211, 235, 
92: 14, 21, 58, 
93: 5, 27, 43, 110, 132, 139, 194, 247, 
94: 2, 58, 72, 118, 144, 162, 
95: 1, 6, 72, 205, 
96: 4, 7, 43, 98, 143, 177, 
97: 15, 51, 73, 189, 216, 
98: 5, 14, 96, 182, 221, 
99: 12, 52, 59, 
100: 5, 11, 81, 187, 226, 255, 
101: 1, 4, 56, 182, 212, 
102: 67, 77, 86, 142, 
103: 3, 8, 19, 121, 
104: 14, 57, 60, 
105: 2, 5, 15, 109, 162, 168, 231, 234, 
106: 16, 68, 88, 151, 
107: 8, 14, 39, 115, 177, 
108: 7, 60, 91, 156, 
109: 19, 65, 105, 113, 
110: 6, 7, 93, 132, 164, 
111: 2, 60, 76, 145, 151, 163, 
112: 5, 6, 73, 130, 
113: 86, 90, 109, 184, 212, 228, 
114: 8, 17, 42, 119, 193, 
115: 6, 8, 107, 166, 
116: 6, 33, 78, 
117: 16, 31, 71, 
118: 1, 5, 94, 
119: 7, 74, 114, 
120: 12, 22, 70, 145, 214, 
121: 6, 75, 103, 148, 232, 
122: 1, 3, 69, 
123: 3, 12, 39, 138, 
124: 5, 6, 38, 
125: 1, 6, 45, 
126: 3, 56, 59, 152, 168, 
127: 13, 66, 85, 
128: 9, 69, 83, 136, 
129: 3, 4, 74, 167, 221, 
130: 7, 22, 112, 
131: 0, 28, 40, 229, 253, 
132: 10, 93, 110, 
133: 0, 2, 4, 
134: 33, 60, 90, 
135: 7, 23, 70, 150, 251, 
136: 16, 80, 128, 155, 189, 239, 250, 
137: 5, 7, 19, 179, 
138: 40, 51, 123, 
139: 2, 22, 93, 
140: 7, 57, 62, 194, 
141: 11, 16, 81, 
142: 12, 73, 102, 183, 185, 211, 
143: 30, 38, 96, 240, 
144: 16, 91, 94, 
145: 13, 111, 120, 194, 210, 232, 
146: 1, 29, 41, 192, 
147: 14, 26, 81, 
148: 7, 41, 121, 
149: 9, 19, 54, 205, 
150: 0, 40, 135, 203, 239, 
151: 11, 106, 111, 
152: 40, 56, 126, 230, 
153: 1, 21, 26, 159, 
154: 6, 60, 80, 
155: 2, 16, 136, 174, 209, 
156: 16, 19, 108, 166, 173, 236, 
157: 12, 62, 78, 214, 
158: 5, 12, 47, 
159: 45, 69, 153, 173, 
160: 5, 9, 59, 
161: 2, 76, 87, 234, 
162: 78, 94, 105, 175, 
163: 5, 7, 111, 169, 
164: 11, 83, 110, 
165: 15, 33, 67, 209, 
166: 51, 115, 156, 196, 207, 
167: 12, 15, 129, 
168: 77, 105, 126, 239, 
169: 32, 81, 163, 
170: 5, 8, 59, 215, 
171: 39, 51, 67, 191, 193, 224, 233, 
172: 1, 27, 57, 186, 223, 
173: 62, 156, 159, 254, 
174: 0, 47, 155, 
175: 7, 74, 162, 183, 207, 218, 
176: 7, 15, 86, 
177: 62, 96, 107, 
178: 2, 26, 73, 181, 
179: 3, 83, 137, 
180: 4, 16, 81, 
181: 6, 17, 178, 210, 
182: 46, 98, 101, 
183: 22, 142, 175, 215, 249, 
184: 29, 54, 113, 206, 
185: 56, 65, 142, 190, 214, 
186: 3, 67, 172, 242, 
187: 0, 12, 100, 
188: 6, 9, 15, 244, 
189: 40, 97, 136, 234, 
190: 2, 70, 185, 
191: 9, 41, 171, 217, 
192: 81, 90, 146, 
193: 6, 114, 171, 213, 
194: 93, 140, 145, 
195: 13, 47, 91, 222, 
196: 14, 50, 166, 197, 
197: 14, 22, 196, 236, 246, 
198: 2, 8, 60, 
199: 4, 33, 70, 
200: 5, 9, 45, 232, 
201: 4, 54, 67, 
202: 5, 13, 21, 
203: 38, 59, 150, 
204: 26, 47, 62, 
205: 38, 95, 149, 
206: 7, 46, 184, 244, 
207: 62, 166, 175, 
208: 0, 1, 71, 
209: 29, 155, 165, 
210: 7, 145, 181, 
211: 82, 91, 142, 
212: 15, 101, 113, 
213: 21, 22, 193, 
214: 120, 157, 185, 
215: 69, 170, 183, 
216: 7, 60, 97, 225, 
217: 12, 47, 191, 
218: 4, 54, 175, 
219: 1, 5, 12, 
220: 2, 22, 62, 
221: 58, 98, 129, 
222: 4, 41, 195, 
223: 45, 67, 172, 247, 
224: 1, 15, 171, 
225: 6, 33, 216, 248, 
226: 13, 86, 100, 
227: 1, 6, 51, 
228: 1, 5, 113, 
229: 0, 3, 131, 
230: 13, 69, 152, 
231: 62, 75, 105, 
232: 121, 145, 200, 
233: 1, 58, 171, 
234: 105, 161, 189, 251, 
235: 14, 17, 91, 240, 
236: 19, 156, 197, 
237: 7, 22, 23, 
238: 2, 4, 19, 
239: 136, 150, 168, 
240: 4, 143, 235, 251, 
241: 2, 70, 77, 250, 
242: 40, 75, 186, 
243: 3, 5, 69, 
244: 89, 188, 206, 
245: 0, 13, 60, 
246: 3, 19, 197, 
247: 5, 93, 223, 
248: 12, 15, 225, 
249: 29, 30, 183, 
250: 6, 136, 241, 
251: 135, 234, 240, 
252: 22, 41, 78, 
253: 0, 26, 131, 
254: 3, 21, 173, 
255: 4, 60, 100, 